xp, xk, k:  0.0 20.0 0.2
x= [ 0.  1.  2.  3.  4.  5.  6.  7.  8.  9. 10. 11. 12. 13. 14. 15. 16. 17.
 18. 19.]
xnew=  [ 0.   0.2  0.4  0.6  0.8  1.   1.2  1.4  1.6  1.8  2.   2.2  2.4  2.6
  2.8  3.   3.2  3.4  3.6  3.8  4.   4.2  4.4  4.6  4.8  5.   5.2  5.4
  5.6  5.8  6.   6.2  6.4  6.6  6.8  7.   7.2  7.4  7.6  7.8  8.   8.2
  8.4  8.6  8.8  9.   9.2  9.4  9.6  9.8 10.  10.2 10.4 10.6 10.8 11.
 11.2 11.4 11.6 11.8 12.  12.2 12.4 12.6 12.8 13.  13.2 13.4 13.6 13.8
 14.  14.2 14.4 14.6 14.8 15.  15.2 15.4 15.6 15.8 16.  16.2 16.4 16.6
 16.8 17.  17.2 17.4 17.6 17.8 18.  18.2 18.4 18.6 18.8]
ynew=  [1.         0.94330626 0.88661252 0.82991879 0.77322505 0.71653131
 0.67590847 0.63528563 0.5946628  0.55403996 0.51341712 0.48430958
 0.45520205 0.42609451 0.39698698 0.36787944 0.34702298 0.32616652
 0.30531006 0.2844536  0.26359714 0.24865283 0.23370852 0.21876422
 0.20381991 0.1888756  0.17816754 0.16745947 0.15675141 0.14604335
 0.13533528 0.12766262 0.11998996 0.11231729 0.10464463 0.09697197
 0.09147426 0.08597656 0.08047886 0.07498115 0.06948345 0.06554417
 0.0616049  0.05766562 0.05372634 0.04978707 0.04696445 0.04414184
 0.04131922 0.03849661 0.03567399 0.0336515  0.03162901 0.02960652
 0.02758403 0.02556153 0.02411235 0.02266318 0.021214   0.01976482
 0.01831564 0.01727726 0.01623887 0.01520049 0.01416211 0.01312373
 0.0123797  0.01163566 0.01089163 0.0101476  0.00940356 0.00887044
 0.00833732 0.00780419 0.00727107 0.00673795 0.00635595 0.00597395
 0.00559195 0.00520995 0.00482795 0.00455424 0.00428052 0.00400681
 0.00373309 0.00345938 0.00326325 0.00306713 0.002871   0.00267488
 0.00247875 0.00233822 0.00219769 0.00205716 0.00191663]
0.0 20.0 0.2
Nacisnieto przycisk: Go
xp=0 xk=20 krok=0.2
